A:4;8;34.0;12.345;3629.0;0.9;23.0;93.0;11.0;8.0;2.982;1.0;22.45;19.1;0.992;0.0;1.0;7.0;3.0;2.0;17.349;46.1;8.0;12.0;123.8;23.0;99.0;1.1;0.0;0.0;34.9;222.123;78.0;3.0
B:8;8;1.0;0.0;1.0;2.0;5.0;7.0;6.0;4.0;5.0;9.0;8.0;3.0;4.0;6.0;1.0;6.0;3.0;4.0;2.0;2.0;9.0;8.0;7.0;6.0;3.0;7.0;4.0;7.0;5.0;3.0;2.0;9.0;8.0;0.0;6.0;7.0;4.0;0.0;2.0;4.0;5.0;6.0;5.0;4.0;8.0;7.0;2.0;4.0;3.0;9.0;8.0;7.0;2.0;3.0;2.0;3.0;4.0;6.0;5.0;0.0;9.0;1.0;0.0;3.0
C:1;5;200.0;123.0;45.0;98.0;174.0
D:7;2;56.0;7.0;34.0;9.0;4.0;7.0;12.0;52.0;83.0;9.0;7.0;7.0;4.0;55.0
E:3;3;0.0;1.0;0.0;1.0;1.0;0.0;1.0;1.0;0.0
BLong:8;8;1.0;0.0;1.0;2.0;5.0;7.0;6.0;4.0;5.0;9.999999999999E12;8.0;3.0;4.0;6.0;1.0;6.0;3.0;4.0;2.0;2.0;9.0;8.0;7.0;6.0;3.0;7.0;4.0;7.0;5.0;3.0;2.0;9.0;8.0;0.0;6.0;7.0;4.0;0.0;2.0;4.0;5.0;6.0;5.0;4.0;8.0;7.0;2.0;4.0;3.0;9.0;8.0;7.0;2.0;3.0;2.0;3.0;4.0;6.0;5.0;0.0;9.0;1.0;0.0;3.0
BSum:8;8;2.0;0.0;2.0;4.0;10.0;14.0;12.0;8.0;10.0;1.0000000000008E13;16.0;6.0;8.0;12.0;2.0;12.0;6.0;8.0;4.0;4.0;18.0;16.0;14.0;12.0;6.0;14.0;8.0;14.0;10.0;6.0;4.0;18.0;16.0;0.0;12.0;14.0;8.0;0.0;4.0;8.0;10.0;12.0;10.0;8.0;16.0;14.0;4.0;8.0;6.0;18.0;16.0;14.0;4.0;6.0;4.0;6.0;8.0;12.0;10.0;0.0;18.0;2.0;0.0;6.0
F:2;7;7.0;0.04;2.0;4.0;9.4;6.0;0.5;0.0;6.4;1.4;9.0;6.0;5.0;7.3
FD:2;2;1273.56;425.46000000000004;893.4000000000001;1025.9
